110001000101 1001011001000 101011101011 110001000101 1000111110000
1000111110000 1101110011011 1001011001000 1011100100110 100100000
11001101000 100000101001 101011101011 10011001000001 110001000101
1101110011011 1001011001000 10000000111101 100100000 100000101001
101011101011 1001011001000 1000111110000 100100000 1001011001000
110001000101 10000000010001 10011001000001 1001011001000 1000111110000
100100000 100101010000 1001011001000 100100000 1001011001000
10000000111101 100100000 1100010001110 101011101011 1001011001000
100000101001 1110101000110 1001011001000 1101110011011 1110101000110
10011010000110 1001011001000 1001011001000 100100000 1001011001000
101011101011 1110101000110 1000111110000 100101010000 1001011001000
100000101001 101011101011 100101010000 1001011001000 1100001111000
100100000 11001101000 1100010001110 100000101001 1001011001000
1010011101110 101011101011 110001000101 11001101000 110001000101
1010011101110 100000101001 100101010000 11001101000 1001011001000
10011011010001 100101010000 110001000101 10011001000001 1001011001000
1101110011011 1110101000110 10011010000110 1001011001000 10011001000001
1110101000110 10000000111101 10000000010001 1001011001000 100000101001
101011101011 100101010000 1001011001000 1010011101110 1110101000110
11001101000 11001101000 100101010000 1010011101110 100000101001
1001011001000 11001101000 110001000101 1011100100110 1011100100110
100100000 100000101001 1001011001000 10000000111101 101011101011
1110101000110 10011011010001 100101010000 1001011001000 1001011001000
100101010000 10000000010001 1000001100101 1110101000110 1101110011011
1001011001000 1101110011011 1110101000110 10011010000110 11001101000
1001011001000 1100001111000 100100000 11001101000 100101010000
10000000111101 1110101000110 11001101000 11010011101 1100010001110
1001011001000 100000101001 1110101000110 10000000010001 100100000
110100110111 101011101011 100000101001 1001011001000 1001011001000
1010011101110 101011101011 100101010000 100101010000 11001101000
1100010001110 1001011001000 10011011010001 100101010000 110001000101
10000000010001 10011001000001 100101010000 11001101000 1001011001000
1001011001000 1000111110000 1100010001110 1001011001000 1001011001000
100100000 1001011001000 101011101011 110001000101 1111101100010
100101010000 1001011001000 1100010001110 1110101000110 1001111110001
100101010000 100000101001 101011101011 100100000 10000000010001
110100110111 1001011001000 100101010000 10011011010001 1100010001110
100101010000 1001011001000 1110101000110 10000000010001 1001011001000
100000101001 101011101011 100101010000 1001011001000 1000111110000
10011011010001 110001000101 10000000010001 10000000010001 100101010000
10011001000001 1001011001000 10000000111101 100101010000 100101010000
11010011101 100101010000 10000000010001 10011001000001 1001011001000
1001011001000 100100000 1001011001000 1000111110000 11001101000
1110101000110 1000111110000 1110101000110 1100010001110 100101010000
1001011001000 100000101001 1110101000110 1001011001000 100100000
110100110111 10000000010001 1110101000110 11001101000 100101010000
1001011001000 1000111110000 110001000101 100000101001 11001101000
100100000 1010011101110 11010011101 1001011001000 110001000101
10000000010001 10011001000001 1001011001000 1010011101110 101011101011
1110101000110 1110101000110 1100010001110 100101010000 1001011001000
1110101000110 10000000010001 100101010000 1001011001000 10011001000001
110001000101 1101110011011 1001011001000 1110101000110 1100001111000
1001011001000 100000101001 101011101011 100101010000 1001011001000
10000000111101 100101010000 100101010000 11010011101 100101010000
10000000010001 10011001000001 1100010001110 1001011001000 100000101001
10000000111101 100101010000 10000000010001 1101110011011 1001011001000
1100001111000 100100000 11001101000 1100010001110 100000101001
1001011001000 1110101000110 11001101000 1001011001000 100000101001
10000000111101 100101010000 10000000010001 100000101001 1101110011011
1001011001000 100101010000 100100000 110100110111 100000101001
101011101011 1001011001000 100100000 10000000010001 1001011001000
1100010001110 100101010000 1000111110000 100000101001 100101010000
1001111110001 1011100100110 100101010000 11001101000
